32630
9103
568996
9838
190117
8840
365635
8496
1333622
7868
7788
7748
9825
1343144
552860
664730
3004188
7955
7227
6282
80849
6248
6239
6293
6183
318479
36087
44689
100816
447093
1391915
559292
502779
40355
86049
39947
284812
208964
36329
3702
4577
3847
595495
392809
10359
79700
10360
1515
10665
10376
12908
308116
1382555
1229255
1321367
10036
9615
30522
9267
9601
564874
8364
717919
8017
8255
288555
208526
1449913
9940
7130
7245
9602
9598
499232
1353242
57374
121123
9491
87289
54600
122765
662738
10047
333920
48018
43778
36231
1353796
211508
36227
9490
36224
9685
222416
7971
9562
9514
54135
10112
9597
867381
1608482
10044
33548
9690
3016450
182250
9561
90388
1476079
9495
1960642
9532
75566
47663
38672
9925
183327
9546
1137482
460674
9565
192855
6645
494514
272121
100224
8049
37349
182254
9502
323381
30532
554167
54181
54601
73336
70928
61487
867362
9853
2841023
9531
272114
182253
1476500
29154
9493
9858
9447
58710
43330
246437
88450
47145
30588
6238
1240228
4934
48668
3082113
122219
37177
9538
346611
46245
6637
591020
83333
4031
1753
1736659
5671
137071
237561
366581
46360
111125
7994
9402
38654
8167
59894
10029
126574
8154
9258
325343
586833
99883
169825
481459
1925019
441894
10089
310915
9568
2585813
375764
649802
215402
8010
333673
75743
205130
30538
77932
13616
48699
1608454
8469
96538
75366
29073
7918
39432
135441
9755
158456
29088
1605429
10160
56716
307959
47969
227976
8153
7739
886794
7998
61621
9646
108931
245042
451742
37032
34597
9057
29144
933968
33528
106582
179002
335094
114398
161767
509924
109280
29158
240729
243059
8932
188132
1419815
64144
80966
30732
38626
187763
230686
260995
94827
75869
670356
191816
32473
155462
52904
42192
78217
43700
1676925
2056384
1137050
330878
56723
7291
1572043
13735
60191
47467
161013
6941
1323832
8081
30419
6759
113540
7950
7070
2704970
37653
1590992
13249
7668
7260
947166
6573
27457
343691
283909
7213
2005890
379532
139723
34691
629358
51655
7574
710234
232323
307972
74873
561515
61472
188379
48709
1053482
397367
2015173
37003
10195
133901
92180
399045
545262
6956
224129
33581
369639
7102
53326
62062
223781
1744878
1706337
158441
8174
1269803
6850
885580
52283
64278
36987
9691
168631
32507
188477
1028688
2598192
8790
9305
2489341
742174
1424507
279965
1659215
6337
1255232
268474
10212
1356586
143950
175774
215358
7200
174628
334625
6233
189913
6832
192188
704098
6526
31234
105023
659163
354439
61476
34690
243955
121224
30066
182803
2342
6205
2018661
51028
1527468
240159
495550
6958
6277
299467
29170
400682
345717
249151
179676
8208
361077
72859
629360
392033
1143189
644358
390896
595528
433720
30033
1573173
6326
2762511
2664684
392030
241478
46731
10455
1234261
372326
796925
36090
418985
7177
2461402
6289
249248
244060
645134
34508
45351
68888
1503980
1552296
117903
578458
28377
671378
54126
8005
1365886
196109
141458
79923
416450
230844
460523
230148
2966
317549
332523
6135
1168221
40998
1198029
1254403
1447875
1911684
1080233
1420906
5067
1089458
299130
869754
1147111
367110
97359
212602
390894
1043002
1001832
7906
1344418
1813822
89673
8090
1072389
1081109
5364
1911676
1314801
482145
1447944
1048519
1196081
721885
2052151
100035
167740
42260
871575
2754530
706561
28573
685588
169397
1340428
401625
2663531
136370
99802
8022
1314781
913774
6412
45235
117187
13262
670483
1314788
156630
671987
732165
563466
1126212
1432307
675120
121627
112489
1507870
2861861
306088
498257
1245748
2778374
745531
1429867
90341
1347390
1076935
1460663
61366
1884261
1043628
2126942
1028729
97331
1314779
413071
420778
91492
425011
45464
2813651
1035309
994086
742152
240176
1229662
1314783
985895
2478892
5763
98765
1296120
117179
329885
1296100
1485229
398673
945553
38772
768735
233037
158607
764103
39966
1077348
35570
6290
59479
383372
8260
8241
225400
353153
243232
185431
37296
868565
654907
10377
341980
5802
580240
330779
663951
5839
224308
184922
572307
508771
3055
160488
393305
129435
1111708
5656
69014
37727
237631
330879
323850
3415
242507
398741
445932
3218
72657
6500
284590
284591
341663
65948
3659
431241
604354
3037
50458
1608278
70601
190192
74718
78192
78191
3634
7653
344612
1299270
147425
2711
284592
7594
3827
226051
29760
4098
41776
33113
34305
294746
510516
1891505
145284
138011
334596
573826
4054
3649
4081
4113
306901
322104
4096
33708
2190
353152
243230
419947
4784
83332
43346
116960
60711
59472
103600
9696
40151
419612
37293
477174
2516278
72004
8805
1522884
174598
391180
2715852
59729
56216
48883
44316
400089
34884
143630
244447
48698
1868482
433685
623744
1051664
84645
433684
417938
42514
370572
36200
980415
445511
409849
219545
185453
7936
9365
173247
143606
64152
2478756
64176
144197
187382
571281
1841481
61853
797021
8030
9880
181472
336983
9770
1118817
410743
8665
210632
2922406
123683
1977171
1217572
1549772
239371
2748090
7959
54386
198940
77220
9749
198029
384942
66913
8502
321403
34957
182897
1758121
114369
412765
137246
118797
2922381
62692
10181
2587831
52670
669496
298831
237442
9888
614051
10020
61819
930991
2584626
210409
2135715
2026773
2024823
1197460
89957
1070528
4567
243365
1797993
63057
1973952
1078091
62324
3029177
1618502
151035
1970185
1754190
70667
412755
1873464
4072
1666911
484498
129467
53985
158387
60296
191485
1143690
3476
261450
180675
1777137
1932700
1155096
200324
2268196
268141
6216
1973917
5936
86630
458187
2316736
1527444
3054441
1037660
542762
48420
3760
1203465
650164
754436
1432141
6252
1563983
217634
195883
4615
42155
157072
4170
46969
1306861
93759
392032
1121455
1340493
157069
2052166
48269
164328
2212468
35608
3900
64606
754423
210143
990268
106335
2053503
2714932
174752
408172
6265
42157
1088818
983966
3755
218851
266149
242159
431595
2716717
1798704
285410
51239
200361
1049336
2022697
2762512
169760
192012
939720
53406
2052180
981085
983506
282301
1069680
311494
3121606
7757
1947979
59895
1866961
44941
464988
4686
75948
50730
2764325
97028
61180
264736
156174
38414
59785
1898206
2752311
1897422
4796
225164
73025
112090
96803
233186
2026780
7054
6210
118510
101924
658196
1314776
1827384
994334
222440
9764
393608
253830
749192
112509
8400
2596890
210225
641309
458696
9995
51022
89044
362692
80972
1890364
1979941
139825
4533
2483409
100787
422564
1220578
1965542
2024614
2107700
215803
1528775
320908
3821
34287
1333877
1166018
4639
57412
984262
57421
6689
4236
878477
303371
74649
706981
104688
679716
2604879
2083017
100234
134537
520822
132261
63459
411903
2496753
1027361
62101
81972
106549
2951
40348
2013750
2478552
69181
2548426
1588751
240228
265543
2053527
2340872
180498
221442
649756
34289
100861
861768
1883427
7370
7897
2528253
5888
1520826
6335
51031
267555
411917
82025
297352
629265
46433
551947
51350
544730
708627
1160509
69463
46959
595692
1142394
1761780
185705
105231
55188
86971
37682
1698287
60516
578457
913252
905079
2320113
22663
118357
403677
281687
29031
61186
1076179
536046
1054147
331113
1504633
33114
1957017
2056631
94617
420281
34504
1811689
73239
4232
4572
1611254
667725
94130
13221
630390
857087
1408545
47790
449393
143224
1288291
1825523
219594
362788
3067
4540
158019
35688
1287681
2013732
13443
130081
93061
1133849
272631
295027
644223
186789
1042876
345072
272559
5665
272557
435590
246197
284811
198094
1130061
9361
52970
211110
208435
243277
218497
420246
210007
264202
285951
307796
227941
272561
321332
368407
138677
280463
2787
315277
243161
233413
10315
759272
220668
981087
273075
272620
170187
99287
122587
300852
29139
89386
30388
369605
93934
262131
70142
441696
325322
245048
50402
57068
43179
310752
505306
132908
127582
8187
213582
254563
299123
187451
1118519
68497
187106
3036675
452646
302527
81927
254557
2585814
28689
41447
175836
30494
9708
281464
107208
99882
103954
176039
1118524
9117
103956
8168
342381
1789705
161649
317792
287016
8905
240201
192959
135168
94232
1095420
79653
2585810
254575
8218
54027
1118748
114331
98144
221966
704102
156561
908305
54059
1979975
181099
47695
156170
1415580
175120
332270
208069
1112836
187437
41446
2736640
747656
1288970
210454
79200
1538552
675824
135651
45607
374723
53468
1736373
34765
2608784
1265817
2528007
120398
1336337
36809
2053517
2802972
27835
1334967
171101
71421
655827
1293037
405416
626418
211586
347515
57267
339671
282459
196620
282458
6610
335992
523845
283166
36902
4230
266779
171822
595494
3885
349163
436907
374930
498214
229533
374931
441771
441772
498213
272844
186497
458817
749675
267377
426368
444158
402880
521006
273057
176299
243274
242231
143350
245095
334912
103715
388810
73337
2053489
28005
1306850
1986876
64571
4558
2026808
547042
2500528
1299330
312168
997889
1004
1974460
39688
537012
1622207
216773
484770
392010
2740537
501024
2115968
426428
988480
652676
1618910
686832
1970450
179819
2650976
2017148
2507584
217165
2053491
2663019
2651974
1280837
537006
564422
2014872
1131730
2607771
663952
1172204
1220162
1977087
100233
1260356
525263
2012503
1974025
1405
1986665
230819
80379
1166340
178901
1660131
1590651
1973956
269800
1460083
1111133
470146
317577
1882405
2029117
2600149
1860085
1158606
1094619
946362
2163009
1075091
2731377
2017178
565637
2420339
665959
997892
221126
290112
2026785
408672
1131455
104205
2502197
2044595
1121884
1970379
1413221
1123313
685565
408170
433724
1200721
4565
870483
151784
1504303
1278906
1295532
578462
1041510
610380
1176255
2107999
406818
2705098
30213
171865
246130
1931232
1774746
1423715
2006111
1841599
2518363
312017
436010
1138912
111770
1926625
1798571
1618431
1917482
657322
714109
237671
1794912
526227
1160718
85069
2014257
198431
1798806
860243
1857893
2792479
1912961
1517682
1095629
347253
407821
1970386
2202827
370354
341454
1027273
1226660
1632859
1618357
247156
192952
1206727
129364
1048626
1848460
2585369
1054996
38457
544712
332648
1712513
215250
1095778
2754723
2250255
1561963
13333
441375
1986638
1257118
1121322
2675101
1973945
930090
1779368
288681
2547244
888268
212663
303698
1910938
690887
2201155
1975035
1968598
765868
4999
1737356
3072319
981383
297318
506608
2678566
1930546
165716
2597657
1577230
4460
1235799
2487420
1932695
1242864
39325
1798290
1592629
1091042
272129
294128
50376
1927958
1104152
1144311
527029
1426
715451
1641715
1986642
2250277
234635
1472
1772289
77586
431943
126740
759811
1619067
2751177
47864
1420901
995087
1420907
27350
163516
183756
2070414
364030
1802207
2174842
1347891
286121
55779
1295642
1974572
914237
2710756
393133
980427
293958
1519498
2292304
400727
229921
45882
559298
2250275
36842
1324314
219745
126843
2448782
1955775
1163730
86259
879819
392423
321846
1932698
295069
742181
585398
358742
49451
2663022
403957
2761120
1220588
1618023
2496907
714961
1234023
38151
887896
2507556
1048808
1262450
269621
2663851
1578828
331657
1290391
215587
5949
2268180
986075
1121428
1432
57577
507522
2607908
157652
1797629
2292201
935565
1597
307492
91943
394285
484495
1895711
1169200
1314962
1603606
7160
568069
61149
1798428
1432561
1368415
63787
114890
1978153
147497
2250254
2530365
1097667
1333849
444456
170367
1801959
1194405
1678309
2490855
1622
1852924
595502
2650661
1872390
1793939
748857
3661
1191523
856
2026803
861
110450
2587865
2017205
596
7209
2594477
2053303
2501297
1198115
1130819
2035422
258475
247490
880724
3020901
86796
1460289
1095743
7425
34288
1974421
6105
370605
990271
1819745
1866927
2952
702444
144185
1852823
88139
1549855
2292706
1080068
445336
2056630
1380357
60517
1456481
2692619
202750
413952
157739
311553
179995
526222
1397532
2033503
6973
1481926
56615
412133
128403
4781
2527966
2302959
1392998
983918
1392256
1094556
30085
2067553
1353952
27349
3880
914234
1802499
1121950
34017
2135468
238540
2666346
1381753
1619057
1618345
390850
2012489
1841598
1802730
2268183
188582
96639
1855296
337898
1395101
311458
2982025
556484
1379305
1868285
1965070
2485925
1283836
34281
1121114
1850517
670902
10708
416870
171438
552526
290398
1703937
295838
271848
911022
411901
224326
498211
10244
157791
264462
101510
1420013
1358809
4097
10886
411476
11676
11678
400673
685727
235221
741074
272569
272843
484019
5660
196907
411684
463191
353565
561230
314266
199310
61861
292805
266264
321327
457570
272633
203124
265311
349519
243273
565050
266835
292459
323097
267748
508767
203119
505682
366602
316278
1514140
272563
320389
935198
190650
396513
257311
543728
226900
314315
29412
2301359
246410
266265
264203
1625
272634
470137
251221
83331
279808
315730
398527
443906
262768
235909
477974
272621
288000
296543
197221
267608
290633
114615
504832
224325
272632
441768
322098
257309
240292
227321
222523
405534
267747
265072
340047
159087
420662
444177
386043
321967
362948
299033
557433
430066
382640
204722
395960
258594
103690
273036
257310
378753
320373
357348
221109
482235
370553
193567
370551
265669
367928
228410
360911
306537
290402
350054
568819
169963
272626
226185
335543
1140
279238
283165
359787
418127
158878
158879
257313
397945
398578
292415
391038
106370
196164
561275
278197
483179
273119
316058
395961
329726
63737
364106
227882
242619
55564
419665
451516
426430
367830
338969
452863
195102
289380
323848
395495
243231
290512
93062
296591
195103
340322
273068
448385
243233
455488
224914
316056
391735
232721
335283
357809
405440
413404
290318
192222
342451
365044
351607
243160
400668
412965
1961
55999
281090
398577
331271
335541
246196
1599
323098
749527
290315
1472337
100226
395019
977880
452638
349106
226186
749414
381666
288705
224735
285006
360106
953739
3562
295405
272624
937593
398579
29320
10884
254252
89187
626378
1618846
29372
2692629
278856
45668
1905359
29729
1795308
2049433
3916
7719
4465
1938806
421072
176938
1229152
313606
2053581
641636
1117379
1518501
2774294
10228
1231351
248906
2510111
1220589
44745
32597
1798195
75058
170555
1089447
498761
64091
392421
1081671
43229
1919205
32049
3483
1813876
41950
1916293
132113
1365484
2750659
582737
159749
1618713
1736544
1986720
2250274
883078
888742
248454
2107588
1487602
55293
5702
1068625
1255633
171618
35345
185954
11963
3077
2546366
31312
35869
57040
216591
339670
3635
434059
2546360
1454934
227182
175529
61622
388085
1353147
1802408
2587160
2033014
2593070
763665
51329
352373
147828
252671
114742
44056
2026745
765867
35687
97700
327893
7536
36035
1974543
307468
3332
2650971
302913
1486930
7395
869250
7224
8406
163011
332952
187410
663960
1857845
523850
435591
196600
345073
246195
376686
402612
216895
262543
36874
187272
411154
431947
272831
122586
374833
300268
405955
357804
317025
227377
72020
1224742
223926
522373
340100
360115
220341
418699
281310
349124
326298
387092
295319
323261
224915
272560
406425
455434
445985
190486
509169
314565
342109
360094
511995
259536
320372
321314
190485
167879
269482
331272
434922
312153
290317
204669
234267
316273
291331
76114
412022
320388
482957
290434
392500
264198
340099
262722
314723
223283
216595
205918
205922
326297
204773
351348
13006
390236
314724
412418
264730
76869
399739
384676
351746
60481
318161
272947
293614
220664
60480
351745
94122
425104
399599
358681
392021
318167
283942
246200
648996
402626
380021
56311
391905
46256
103827
585506
2030827
1628268
91324
7873
333284
8393
8025
1333473
2560319
273063
309807
171929
29156
8729
35670
8649
1207470
186103
471876
160491
370554
198466
370552
286636
3735
211044
2585822
62045
243888
8947
8501
555855
2604287
91767
186578
57397
75356
38776
321398
8613
179908
630221
251400
2607653
3067794
1856278
180163
227226
2651163
2607326
2026778
410659
1919148
2681467
2100161
767031
266117
1797706
1850347
624147
439375
1120755
2705092
1128334
1183413
1763828
44752
1748967
35658
74533
424585
92867
9337
9321
687163
365610
89252
128390
79202
13013
13095
8018
8177
34816
74940
7946
476916
96903
9844
108097
90313
319920
492107
42892
90988
227288
50612
48171
1232801
667017
7604
465554
10224
30025
44394
2069292
6669
52622
7740
7091
50390
7244
990121
6334
55423
201502
50429
69355
28713
98964
121845
7217
43041
6141
6687
1629725
66420
126957
1175986
70415
118099
42026
35525
13125
67801
32264
13347
106108
7220
79782
287889
41697
332054
40233
6829
10454
28588
1960912
188323
7830
1661398
43151
64391
146921
7892
2081834
42528
8330
286459
111304
6087
170557
8402
6359
8404
1095756
163159
34720
1370023
141262
116759
3073962
61474
499903
7910
7165
1465751
7168
103890
1299332
1125630
1006003
661367
209285
866790
309800
312309
523844
29487
11673
28957
314291
185783
663331
205913
391904
216594
561007
561304
410289
243243
262316
206672
455632
1004777
272623
447217
196627
234621
350058
164757
632772
349161
84588
189918
164756
1306178
1935
1052
399726
248361
457428
504474
203267
187420
266834
224324
1070988
2184738
634176
2575699
1413687
1310416
2769
10152
178879
511691
212803
7917
934694
2838338
666873
9798
73335
30582
188344
54380
3041670
42529
172021
243159
10497
553088
523843
176280
176279
379508
351160
349307
198804
1089546
107806
340102
370438
229290
1606503
54383
373891
2038277
104452
859322
1123738
190304
194439
1063
11672
265619
1792845
1348612
2013832
2026720
7375
349277
1358412
1306
1082276
2735563
631055
1618469
2500177
152268
1637974
29448
76761
2026947
1423771
2654280
1423770
314253
31159
1601067
194601
360117
7937
25
8040
454007
302047
9172
9638
72446
121530
61970
1979539
441215
530587
221698
1594786
932087
129233
270604
86224
2485327
129225
1679027
13489
489037
54390
184585
1955184
72488
129470
2760087
1618199
345573
95602
103372
37863
37040
159581
6492
102207
36275
1048506
91796
104777
29172
387005
163714
1346330
33203
2560478
30069
104259
543379
5661
397948
343509
339860
323259
399550
471472
373153
5689
216597
340
74707
1247190
4058
882
316279
207559
59920
262719
1528
295358
85962
85963
432359
269796
574961
476922
8019
7924
302709
3457
262698
546272
212734
4428
405948
316055
359391
444178
300269
391165
145286
5823
298386
319224
2055781
329046
747089
1339254
1727202
154046
441166
1658672
51315
1920190
578093
2169409
84751
2283092
2315210
1624
1486929
2527984
2706104
1218586
1115757
1628392
1302151
221106
42249
929704
1165861
47886
1970529
869949
1227077
1195763
1898104
535722
2184020
1129897
2052149
1619060
478744
1660156
2762014
1194695
2012510
160804
1028355
1316445
35708
1479485
1235852
2030808
29655
29534
1685415
1159556
1169540
1951435
2759911
1076397
1189621
88456
1077150
2268199
390989
564664
1752064
2609256
632765
1974426
284548
870435
1920490
79209
1834187
2249419
550983
81844
340634
911242
1671637
1736289
36811
39486
882440
1230383
27342
236787
2320102
1520816
5762
1985299
1644118
313370
1797273
1236483
1487582
2759425
347188
2512184
655863
2152716
1698283
906888
133412
104421
1353889
3641
1633200
516554
590998
1169474
124
93969
181874
1096779
546414
109376
906689
2690323
2604874
1294267
2081524
1986671
1798184
348837
90262
2093793
98671
1974085
671145
1514904
1852895
2316362
3917
115715
40841
7092
41880
2651169
1904968
31354
2698410
2794062
3981
1805211
4442
2293043
2182327
2749438
455
45670
1852874
37665
314289
1761788
2883100
2044937
30212
1974850
1337093
225334
1968525
2886917
1904441
935566
1751969
3750
1974463
2201154
910964
28930
286115
990650
2762321
7764
411945
1841653
1629713
1975556
460
407148
360109
354242
195099
161736
573060
282197
2565367
1235809
694437
111781
2730920
36166
2025039
1974439
1434707
747676
665079
63592
767453
1797112
2719382
1797404
765440
1210046
1801946
525371
1282362
2575374
429701
1305737
2569760
722472
1223518
369723
1630693
1365651
1235835
35674
1291518
2735889
747525
1855400
1297569
821
2610898
5643
1909294
2026887
2654171
141414
312471
1812858
145388
2485498
2654236
2447956
1225564
1121283
192149
58169
1619061
2925
73868
2714738
2656644
759362
1230455
2026759
403673
1938808
30076
582475
1151754
280699
5098
289078
1187852
290400
1936498
2491114
1121457
1148489
2594794
1798477
52838
12957
2048897
1314800
709964
8618
8619
8620
92438
8626
8657
8656
102640
8631
92519
8667
8654
8655
2766793
8644
84476
8637
8316
8643
2032609
33626
64182
132961
430902
46577
8642
44735
96794
111177
8781
66186
8628
129457
8670
8630
8671
412038
8629
100989
8660
8611
186611
8658
8607
8605
8659
234064
1240351
8678
8762
129461
196418
338838
46295
8610
8621
8686
471292
1337871
292442
8676
195058
1817999
263737
338818
8682
129468
121355
8688
355677
338837
8684
8685
747462
8635
201391
8633
1418189
2527855
1329349
45264
9505
86195
31143
88087
44722
169758
1114301
8615
1295043
1675716
8773
1260334
36307
129465
186591
652834
131310
499056
141976
6182
227192
33598
269412
334426
161742
451379
59560
115618
1561998
84115
1518452
105785
294369
213370
34506
36870
6336
371702
27848
6188
6305
30019
92179
2364978
247094
179530
129469
80850
609295
307491
2517205
6204
935546
521098
1684313
183190
405441
62977
279010
235443
416591
394
57439
1036743
1182966
1590
536056
2283
44275
1365007
38577
1772
396359
352472
2208
1550
1894
346882
511437
1002809
762051
315749
87989
929439
403833
467705
568703
156889
5664
1963864
15368
36148
300112
637853
461220
1126833
1218682
1680155
61478
47621
135165
118183
3032
2182728
40210
1108050
756982
1314790
1162418
85551
78915
215637
2082293
1244869
1071379
36596
4846
1881057
74869
2485141
2768462
2080575
1328866
61484
862422
1855307
762984
180227
574700
2575440
325452
1986832
2138300
554065
2093856
1799655
51662
2582905
112413
2608982
1619078
1485682
3075684
464029
485917
553480
73482
1051067
102822
3088
167555
32051
167539
160070
326423
110662
205921
319701
262723
234826
51324
203120
314225
15957
449367
1550065
469008
82830
580
471852
1262449
39946
59922
388772
74547
2762
450851
471223
237609
188937
586796
27779
9252
54374
874463
84834
98133
667154
444852
1961834
110676
1463973
1109041
1347786
1471886
9176
1234273
458190
8456
1405650
8097
62040
8844
299120
382315
237438
2768412
2704465
798128
7240
2708
434756
32046
44272
9689
8161
99804
383855
1234669
110365
1128970
265726
554373
2093372
640131
2735882
2026781
701091
990078
2570561
486696
2585198
662880
34291
559628
47427
1917697
278956
1233414
1453352
858423
1630172
391625
363754
1748249
2021234
373903
484018
360224
8851
118503
98334
943146
6198
6211
79327
156987
77166
6313
181606
13191
51313
37862
31330
1798574
483219
126793
317655
406327
454130
1803374
385965
1646532
2483801
2653134
2056858
1672749
1328865
930992
1519616
71465
680118
1480153
1423763
1618859
9508
2022693
278944
81985
1799658
61395
483139
35773
1250059
1288362
2077137
327505
2541732
1895934
1703425
29730
1986762
260710
3988
561372
5742
101127
267567
133383
2316729
1566263
2282135
1805219
1398188
3870
91464
658858
693272
648755
755732
213309
1734406
265537
1852916
797291
72548
2259036
5963
230685
4537
502025
1678845
51240
127549
1344416
1965580
49249
1206466
1187851
135208
2740404
1535768
765915
2293138
406432
228602
2020962
1480154
1478131
1629721
1945
418495
38833
932677
703511
51605
1196353
123320
51316
34060
683124
697290
697289
1397
243517
373384
1114794
192860
60712
9540
143289
1137495
52232
303485
81572
9572
43780
147650
66063
405039
10030
8386
8346
2202381
329627
27433
1028753
434032
72790
238695
2315848
318488
60963
30800
6110
6523
9814
1632279
37546
136038
118793
2585818
145610
674989
720584
50251
268475
54359
251750
2836420
1001955
29030
667186
202064
348720
2501400
1176131
2039874
59704
2282107
1156394
460622
1016849
41984
1330018
139420
1116229
329884
1325733
5514
138285
1276538
396776
1460502
1157616
300267
10754
264199
399741
280048
1148
224011
903528
63605
1042311
246198
1115809
1122991
40148
679189
553174
2512127
2706042
1453555
170679
88036
2690360
69332
2690312
571177
42881
1965555
1445614
1811700
1571157
136468
695850
1280483
303380
36816
1618586
1562888
2682546
1255295
122233
147558
1121302
2094558
1407071
1314807
1618695
2723086
1004151
310071
13370
135184
1292036
465515
347834
216596
523794
272942
643680
402882
3034
324831
243275
267671
360095
355277
189518
5659
71271
390333
2036923
93059
395492
4403
225849
186765
555881
1805292
56111
2026747
2607795
1433147
2720483
1974549
1637645
2607807
65393
1972449
1176127
1735012
200126
2512240
565037
1797640
178339
1714833
656447
1576369
763034
2482790
1916064
1960156
742727
156173
366546
1802579
2014871
307758
464990
1908690
1044999
2364211
91626
3092585
1529
2420337
2711231
287752
2527998
2212469
231916
2292884
1549949
1055524
179112
1898209
3848
1612551
2026749
1684307
1314771
1802095
423536
1835702
235734
1884383
1940762
430522
1053647
126368
927083
58919
33888
2495579
47428
284813
381518
381754
2020902
449447
1705561
1703762
1100841
675543
1219067
89764
6535
1295533