196
198
287
329
470
485
495
496
539
546
548
549
550
553
564
565
566
569
573
582
584
585
587
588
614
630
631
632
634
636
644
648
654
666
670
672
676
703
727
739
817
818
820
823
837
847
851
853
876
881
901
905
907
1018
1245
1246
1249
1254
1255
1260
1261
1270
1280
1282
1283
1288
1290
1292
1295
1302
1303
1304
1308
1309
1310
1311
1318
1322
1323
1328
1335
1343
1351
1358
1363
1381
1382
1383
1391
1398
1402
1406
1423
1445
1451
1478
1490
1492
1496
1504
1505
1520
1527
1531
1532
1547
1559
1561
1579
1580
1581
1583
1584
1587
1588
1589
1590
1596
1597
1599
1601
1604
1605
1610
1612
1613
1622
1623
1624
1625
1629
1632
1633
1639
1641
1642
1680
1681
1682
1683
1685
1686
1689
1690
1697
1735
1736
1737
1744
1747
1764
1773
1888
2047
2098
2702
2741
13335
28025
28026
28035
28037
28038
28090
28111
28116
28117
28118
28123
28124
28125
28126
28127
28128
28129
28130
28131
28132
28133
28134
28135
28137
28139
28141
28152
28197
28901
28903
29361
29363
29388
29389
29391
29484
29494
29522
31971
33007
33010
33011
33025
33029
33032
33033
33034
33039
33043
33060
33905
33959
33962
33964
33968
35833
36740
36834
38286
39029
39483
39484
39486
39488
39491
39777
39778
39791
40214
40215
40216
40324
40543
40545
43675
43765
43769
43770
44742
45254
46124
46228
46503
46506
46507
47678
47715
47770
48296
49338
51288
51664
52226
52242
52584
53408
53442
54007
54291
54736
55565
56946
57037
57706
61171
61647
67827
67828
68891
69218
70346
72000
74426
75658
76122
76857
76859
76860
78258
78342
78344
78346
78448
80878
82135
82981
83683
84109
84112
84135
85698
85831
89152
97478
100884
100886
102148
102684
102862
103621
105841
105843
106588
106654
108980
119219
119858
126385
131111
133448
134821
137591
137838
146827
147206
147207
147802
148604
150055
151781
152331
154288
155615
156456
156974
157687
158484
158787
158841
158847
158849
158850
158877
160404
163665
165813
166486
168384
168471
169435
171693
172042
172901
180332
184870
187101
187327
187979
189426
194702
196024
197614
202789
204516
208223
208224
208479
208962
209880
214473
214851
214853
214856
215200
218538
225992
227943
227944
227945
228574
228604
230143
230658
237576
239935
242230
242750
244366
246787
261299
263819
264463
270498
279813
280147
281920
291644
291645
292800
299767
300181
301301
301302
303541
304207
310297
310298
310300
310514
317735
328812
328813
328814
329854
333367
338188
341220
341694
357240
357276
358742
358743
363265
371601
373672
376804
376805
376806
380393
386414
387090
387661
390842
395631
396015
405946
410072
413503
419005
419015
419257
421530
423477
428712
428988
437897
437898
454154
454155
460384
470931
470933
471189
472694
472695
472705
477666
487173
487174
487175
501571
508460
519472
539813
544580
544644
544645
546367
571438
574930
574964
592978
617123
620903
626774
626929
626930
626931
626933
626935
626937
626938
638849
649746
649756
665913
671224
671267
674529
745368
796942
862134
871324
871327
871664
881260
931533
931534
938288
938289
948519
979627
985002
1033736
1033739
1033740
1033741
1034346
1096246
1099853
1110546
1150298
1177574
1197717
1203033
1217282
1229621
1232428
1232429
1232430
1232431
1232436
1234680
1263547
1287640
1287657
1288120
1288121
1297617
1329796
1335613
1337051
1347392
1347393
1414720
1414851
1432052
1461580
1462527
1463165
1464554
1465754
1465765
1465811
1465823
1465825
1468449
1470350
1470358
1472417
1472761
1472764
1473216
1481663
1485952
1494462
1499687
1499973
1501392
1506471
1522309
1522310
1522315
1522317
1528099
1550024
1562970
1564956
1577792
1583331
1585974
1602169
1628085
1631346
1632858
1638645
1639133
1648923
1650663
1653434
1653435
1673719
1673720
1673721
1673723
1673724
1676614
1686286
1686287
1689269
1689271
1689272
1689303
1702287
1703337
1720192
1720195
1720199
1720200
1720204
1720294
1720300
1720313
1723384
1737425
1745713
1750560
1755241
1756149
1769424
1771309
1776379
1776381
1776384
1776391
1796622
1796628
1796635
1796636
1796646
1796652
1805470
1812935
1816676
1816678
1816684
1841855
1841857
1841863
1849041
1852365
1852370
1852372
1852373
1852374
1852375
1852378
1852381
1852387
1870985
1870987
1870991
1870997
1871002
1871006
1871012
1871013
1871016
1871022
1871035
1871336
1903262
1906137
1907654
1907662
1912855
1914243
1917867
1917873
1917883
1936995
1937461
1940789
1944646
1960968
1964383
1972431
1979527
1981510
1982626
1982628
1987501
2003188
2012477
2015901
2024197
2025493
2026240
2041044
2041842
2042304
2058289
2060066
2060068
2070686
2070688
2071710
2086583
2086584
2093856
2093857
2107999
2108523
2109911
2137581
2144175
2211183
2259133
2290935
2358141
2382163
2486576
2494701
2508708
2508867
2509433
2518605
2518971
2548455
2582419
2583452
2584944
2585118
2585119
2606626
2741499
2764322
2897707
2981726
2997294
3062492
