7
9
11
14
17
19
24
33
34
35
41
51
54
56
61
69
72
83
86
94
102
103
104
106
108
114
119
120
122
124
125
128
134
142
144
147
148
150
151
152
154
156
158
159
160
162
163
164
165
167
172
173
174
180
183
188
189
190
192
193
195
196
197
198
199
200
201
202
203
204
206
210
211
213
214
215
216
217
228
238
245
246
247
249
250
252
253
254
256
258
259
263
266
271
274
276
277
280
285
287
292
293
294
296
297
300
301
303
304
305
316
317
329
339
343
346
347
350
353
354
358
373
375
380
381
382
384
399
405
406
408
410
414
415
417
421
426
428
435
436
438
442
446
449
450
451
453
456
470
471
476
477
478
480
483
484
486
487
488
489
490
493
495
496
498
500
502
505
511
518
520
521
523
524
526
529
531
533
536
537
539
542
545
546
548
549
550
553
554
562
563
564
565
569
571
573
582
584
585
587
588
614
615
621
623
624
628
630
632
638
644
645
648
654
659
661
663
666
669
670
671
672
673
674
678
685
687
691
703
714
715
716
717
718
719
720
723
726
727
728
729
730
731
732
733
735
736
738
739
747
749
750
753
754
756
758
761
770
774
777
779
781
782
783
784
785
786
788
807
813
817
818
820
821
823
824
826
827
831
833
837
839
840
844
847
849
850
851
852
853
855
856
858
859
860
861
863
865
867
870
873
876
878
879
880
881
886
888
889
891
894
897
899
901
905
907
913
915
916
920
921
926
927
929
930
931
934
948
950
951
954
959
960
964
966
971
974
979
981
982
983
984
985
986
987
989
990
991
995
996
998
999
1001
1002
1003
1004
1006
1008
1010
1014
1015
1017
1018
1019
1022
1025
1026
1027
1028
1031
1034
1044
1048
1049
1052
1053
1054
1057
1061
1062
1063
1066
1069
1071
1074
1075
1076
1079
1080
1083
1084
1085
1086
1087
1088
1092
1094
1096
1097
1100
1102
1108
1112
1126
1147
1148
1160
1165
1176
1184
1206
1219
1223
1229
1231
1238
1244
1245
1246
1247
1249
1251
1252
1254
1255
1258
1260
1261
1264
1265
1267
1270
1272
1273
1275
1276
1280
1282
1283
1285
1286
1288
1290
1292
1296
1299
1302
1303
1304
1305
1307
1308
1309
1310
1311
1313
1314
1317
1318
1322
1323
1326
1328
1329
1333
1334
1335
1336
1337
1338
1339
1341
1343
1345
1349
1351
1352
1353
1354
1355
1356
1358
1363
1364
1365
1366
1371
1374
1376
1377
1379
1381
1382
1383
1390
1391
1392
1393
1395
1396
1397
1398
1399
1401
1402
1404
1405
1406
1407
1408
1409
1413
1418
1421
1422
1423
1426
1428
1445
1449
1450
1451
1452
1454
1455
1456
1457
1458
1459
1461
1462
1464
1465
1467
1471
1472
1473
1476
1478
1479
1482
1484
1488
1490
1491
1492
1493
1494
1495
1496
1497
1498
1499
1501
1502
1503
1504
1505
1506
1507
1509
1510
1511
1512
1513
1515
1516
1517
1519
1520
1521
1522
1523
1525
1527
1528
1529
1530
1531
1532
1533
1534
1535
1536
1537
1538
1539
1540
1541
1542
1543
1544
1547
1548
1549
1550
1551
1553
1556
1557
1559
1561
1563
1564
1565
1570
1571
1575
1579
1580
1581
1582
1583
1584
1587
1588
1589
1590
1593
1596
1597
1598
1599
1600
1601
1602
1603
1604
1605
1606
1607
1610
1612
1613
1614
1615
1616
1618
1620
1622
1623
1624
1625
1626
1629
1630
1631
1632
1633
1639
1646
1648
1650
1652
1655
1656
1657
1658
1659
1660
1661
1665
1667
1670
1671
1680
1681
1683
1684
1685
1686
1687
1688
1689
1691
1692
1693
1694
1697
1698
1701
1703
1705
1708
1709
1710
1711
1714
1717
1718
1719
1724
1725
1727
1731
1732
1735
1736
1737
1741
1744
1747
1748
1749
1750
1751
1753
1764
1765
1766
1767
1771
1774
1775
1789
1795
1797
1800
1807
1810
1814
1823
1824
1828
1829
1830
1833
1837
1838
1841
1843
1844
1848
1850
1852
1855
1859
1861
1863
1866
1869
1888
1892
1894
1895
1896
1902
1905
1906
1908
1911
1912
1913
1914
1919
1923
1927
1930
1931
1942
1950
1951
1955
1956
1957
1960
1961
1963
1967
1969
1990
1991
1992
1993
2001
2002
2006
2014
2020
2021
2024
2026
2033
2035
2039
2041
2045
2047
2051
2052
2054
2055
2057
2061
2074
2078
2080
2082
2088
2094
2096
2098
2099
2100
2102
2104
2105
2107
2109
2110
2111
2112
2115
2117
2118
2121
2122
2123
2124
2127
2128
2130
2137
2139
2141
2142
2144
2145
2148
2150
2151
2153
2162
2173
2180
2181
2186
2188
2189
2190
2193
2198
2203
2208
2209
2214
2223
2234
2248
2257
2269
2287
2290
2291
2292
2293
2296
2297
2298
2315
2317
2325
2331
2336
2337
2350
2352
2358
2369
2371
2374
2376
2377
2378
2382
2421
2424
2426
2434
2699
2702
2718
2724
2734
2736
2738
2739
2741
2743
2746
2748
2749
2750
2751
2752
2754
2756
2757
12917
13076
13160
13276
13335
13656
13688
13689
13690
28025
28026
28028
28031
28034
28035
28037
28038
28042
28049
28051
28064
28066
28068
28077
28080
28090
28091
28092
28095
28101
28104
28108
28110
28111
28112
28113
28114
28115
28116
28117
28118
28119
28122
28123
28124
28125
28126
28127
28128
28129
28130
28131
28132
28133
28134
28135
28136
28137
28139
28141
28152
28156
28158
28161
28173
28174
28175
28187
28188
28189
28197
28198
28199
28212
28213
28214
28223
28224
28227
28229
28232
28237
28251
28252
28254
28255
28258
28262
28264
28320
28446
28447
28448
28449
28450
28452
28454
28885
28898
28901
28903
29282
29288
29292
29299
29303
29306
29317
29321
29322
29323
29332
29341
29346
29347
29348
29349
29354
29355
29356
29357
29359
29360
29361
29362
29363
29364
29365
29367
29369
29370
29371
29372
29374
29375
29376
29380
29385
29389
29391
29394
29401
29405
29409
29419
29422
29423
29427
29429
29430
29432
29434
29435
29447
29448
29449
29459
29461
29466
29485
29486
29488
29495
29497
29501
29506
29510
29519
29524
29527
29528
29529
29530
29533
29534
29536
29539
29542
29543
29546
29549
29552
29557
29570
29571
29573
29575
29581
31899
31909
31910
31943
31958
31959
31971
31973
31996
31998
32013
32016
32025
32040
32046
32049
32051
32054
32056
32057
32062
33002
33007
33008
33010
33011
33012
33018
33022
33025
33026
33029
33030
33031
33032
33033
33034
33035
33036
33037
33038
33039
33043
33044
33045
33047
33049
33050
33051
33052
33056
33058
33059
33069
33072
33074
33075
33871
33878
33879
33883
33885
33887
33888
33889
33905
33906
33907
33909
33910
33917
33922
33932
33934
33935
33936
33937
33939
33940
33941
33942
33943
33945
33946
33952
33953
33954
33959
33960
33961
33962
33964
33968
33970
33978
33984
33987
33990
33991
33992
33995
33996
33998
34002
34003
34004
34005
34007
34010
34011
34015
34017
34018
34021
34027
34029
34038
34059
34061
34062
34071
34073
34078
34085
34086
34087
34090
34097
34101
34103
34105
35517
35518
35519
35554
35621
35622
35623
35700
35701
35751
35754
35755
35756
35757
35760
35762
35785
35786
35787
35788
35790
35791
35792
35793
35794
35795
35804
35805
35806
35816
35818
35825
35833
35835
35839
35841
36740
36741
36744
36745
36805
36808
36809
36819
36820
36821
36822
36823
36834
36835
36839
36840
36841
36842
36844
36845
36847
36848
36849
36850
36854
36855
36861
36873
36874
36875
37326
37327
37328
37329
37331
37333
37372
37482
37483
37487
37625
37626
37633
37636
37637
37658
37692
37734
37752
37915
37916
37919
37921
37922
37923
37925
37927
37928
37929
37930
38284
38286
38287
38288
38289
38293
38301
38302
38303
38304
38308
38310
38311
38312
38313
38322
38323
38402
38502
38875
38986
39029
39047
39060
39100
39122
39152
39441
39480
39481
39482
39483
39484
39485
39486
39487
39488
39489
39490
39491
39492
39493
39494
39495
39496
39497
39498
39595
39645
39669
39765
39766
39768
39770
39774
39777
39778
39791
39950
39956
39960
39962
40091
40214
40215
40216
40223
40269
40324
40335
40518
40519
40520
40542
40543
40545
40561
40567
40576
40681
40682
40683
40837
40988
40990
41170
41202
41211
41276
41431
41976
41985
41986
41988
42055
42094
42096
42197
42235
42236
42256
42322
42421
42422
42443
42444
42448
42471
42565
42735
42777
42808
42838
42879
43057
43064
43080
43131
43143
43263
43305
43306
43357
43595
43617
43657
43663
43669
43674
43675
43678
43687
43759
43765
43767
43768
43769
43770
43771
43772
43774
43948
43989
43990
43992
43995
43997
44001
44008
44009
44012
44032
44033
44250
44251
44252
44253
44255
44256
44473
44575
44674
44676
44737
44742
44749
44752
44753
44933
44935
45064
45065
45067
45068
45070
45071
45072
45075
45076
45242
45243
45248
45254
45361
45393
45462
45465
45495
45496
45497
45498
45610
45629
45634
45655
45656
45657
45663
45670
45851
46124
46125
46161
46162
46164
46179
46180
46181
46203
46204
46206
46223
46228
46234
46240
46256
46353
46354
46355
46429
46467
46469
46470
46503
46506
46541
46609
46610
46632
46867
46914
47055
47158
47229
47246
47311
47312
47421
47478
47479
47484
47493
47497
47498
47500
47589
47671
47678
47679
47715
47735
47758
47760
47770
47846
47847
47853
47863
47872
47874
47877
47879
47880
47884
47885
47886
48074
48076
48256
48296
48466
48467
48664
48665
48935
48936
48937
49118
49185
49186
49283
49319
49338
49896
50960
51048
51101
51123
51160
51161
51173
51195
51197
51229
51288
51365
51367
51589
51616
51663
51664
51665
51669
52004
52022
52023
52131
52133
52226
52227
52229
52242
52271
52561
52584
52689
52690
52691
52692
52693
52694
52699
52763
52766
52767
52768
52769
52770
52773
52774
52786
52787
53245
53254
53317
53329
53332
53343
53345
53346
53358
53363
53366
53368
53374
53398
53399
53408
53409
53412
53413
53418
53419
53422
53423
53427
53431
53435
53437
53440
53441
53442
53443
53444
53446
53458
53461
53462
53463
53633
53635
53946
53972
54005
54006
54007
54010
54011
54062
54248
54265
54291
54299
54311
54565
54571
54736
54911
54913
54914
54915
55085
55148
55197
55205
55206
55209
55210
55213
55214
55507
55508
55518
55565
55583
55601
55604
55758
55802
55969
56111
56426
56438
56457
56458
56460
56545
56698
56731
56760
56774
56779
56807
56810
56877
56946
56957
57028
57029
57037
57320
57372
57480
57487
57497
57498
57664
57666
57704
57706
57732
57909
57975
58107
58109
58110
58114
58116
58117
58123
58134
58135
58136
58137
58138
58169
58172
58180
58290
58314
58344
58352
59277
59310
59505
59512
59561
59600
59610
59733
59748
59754
59779
59803
59839
59840
59841
59842
59843
59845
59846
59930
60133
60137
60217
60442
60450
60454
60478
60519
60547
60549
60890
60893
60894
60912
60920
60921
60961
61016
61171
61435
61592
61595
61596
61598
61624
61635
61644
61648
62140
62322
62609
62928
62970
62977
63186
63363
63612
63656
63658
63740
63745
64002
64160
64178
64323
64471
64642
64970
64971
64972
64973
64974
64976
64977
65048
65058
65093
65123
65497
65511
65515
65552
65553
65655
65656
65657
65700
65786
66084
66219
66228
66229
66269
66370
66377
66378
66425
66429
66430
66821
66849
66850
66851
66866
66869
66875
66883
66886
66888
66896
66904
66969
67255
67260
67267
67269
67283
67294
67295
67296
67300
67304
67314
67315
67327
67348
67352
67354
67367
67368
67373
67573
67576
67760
67774
67854
67855
67859
68035
68188
68201
68209
68219
68237
68244
68249
68251
68259
68260
68270
68274
68286
68565
68569
68891
68892
68895
68909
68910
69208
69223
69279
69280
69359
69360
69366
69370
69373
69395
69396
69484
69499
69710
69823
69824
69825
69895
69960
69964
69966
69974
70169
70611
70775
70856
70863
70864
70993
70995
70996
70997
70998
71190
71235
71388
71433
71451
71452
71453
71518
71656
71657
71667
71997
71999
72000
72022
72023
72026
72556
72607
72803
73098
73141
73779
73913
73919
74031
74109
74311
74312
74313
74314
74315
74316
74318
74319
74329
74348
74426
74661
74702
75291
75292
75294
75385
75658
75659
75688
75906
75964
75985
76007
76020
76021
76122
76123
76124
76335
76489
76517
76588
76636
76726
76728
76745
76759
76832
76848
76853
76860
76861
76862
76891
76935
76947
76978
76980
77007
77008
77038
77095
77097
77098
77210
77585
77608
77635
77768
78057
78058
78120
78257
78258
78259
78327
78329
78331
78342
78343
78344
78345
78346
78448
78527
78580
78587
79209
79263
79264
79269
79270
79329
79601
79604
79681
79879
79880
79882
79883
79885
79909
79912
79967
80679
80816
80842
80849
80866
80867
80868
80869
80871
80876
80877
80878
80879
80880
80882
81028
81029
81030
81031
81032
81033
81034
81037
81396
81405
81406
81408
81409
81412
81424
81425
81439
81462
81464
81467
81468
81475
81479
81857
81895
81947
82076
82135
82203
82347
82348
82367
82374
82375
82376
82560
82654
82688
82801
82803
82806
82979
82985
83171
83219
83263
83291
83338
83339
83341
83406
83450
83455
83460
83462
83526
83552
83554
83558
83561
83565
83615
83617
83656
83661
83683
83765
83767
83769
83771
83816
83868
83983
83984
83986
84022
84023
84025
84026
84029
84030
84031
84032
84037
84096
84109
84110
84112
84135
84158
84159
84163
84205
84377
84378
84405
84483
84485
84500
84531
84588
84590
84595
84599
84633
84634
84643
84980
85317
85336
85338
85643
85682
85683
85698
85701
85831
85874
85991
85993
86102
86103
86104
86166
86170
86173
86174
86175
86177
86179
86182
86185
86188
86193
86265
86304
86332
86333
86660
86663
86664
86665
86666
86667
86668
86956
86957
86958
86959
87458
87460
87541
87650
87652
87732
87883
88058
88072
88132
88233
88364
88374
88382
88431
88688
88874
89014
89051
89053
89059
89093
89152
89153
89154
89402
89524
89767
89768
89772
89784
89959
89967
90239
90240
90241
90244
90245
90728
90729
90730
90731
90732
90733
90736
90742
90744
90745
90746
90970
91458
91464
91823
91844
91915
92400
92401
92406
92487
92645
92647
92835
92938
92945
93063
93064
93218
93219
93220
93221
93222
93466
93680
93683
93929
93973
94009
94132
94136
94254
94624
94625
94626
94627
94694
94869
95149
95172
96228
96344
96345
96565
97084
97253
97393
97398
97477
97478
98510
98512
98513
98672
99117
99286
99372
99374
99376
99379
99380
99653
99656
99675
99807
99907
100053
100134
100174
100176
100379
100468
100584
100716
100884
100886
100901
101070
101192
101383
101385
101534
101564
102109
102116
102125
102126
102127
102128
102129
102134
102148
102170
102226
102232
102235
102684
102862
103232
103621
103690
103730
103731
103733
103810
103816
103817
103836
103891
103892
104099
104102
104268
104270
104336
104623
104662
104663
104955
105229
105420
105425
105560
105612
105841
106147
106588
106590
106634
106648
106649
106654
107401
107580
107709
108007
108015
108150
108819
108980
109046
109258
109790
110099
110101
110164
110321
110662
110831
110832
110845
110936
111015
111105
111143
111501
111611
111769
111770
111781
111803
111804
111807
112002
112009
112248
112900
112901
113107
113287
113560
113562
113565
113567
113569
113570
113571
114090
114186
114527
114528
114615
114616
114652
114692
114702
114882
114884
114975
115433
115551
115553
115555
115561
115746
115748
115781
115783
115979
116085
116087
116089
117207
118000
118173
118246
118322
118323
118562
118675
118748
118967
118999
119000
119206
119219
119224
119394
119484
119495
119644
119854
119858
119864
119978
120107
120377
120957
120962
121039
121163
121290
121428
121608
121620
121719
121726
122355
122358
122366
122960
123296
123299
123301
123305
123820
123822
123839
123840
123841
123899
124225
124798
124919
125288
125602
125614
125627
126157
126333
126385
126569
127886
128780
128802
128944
129052
129921
129922
129958
130049
131081
131110
131111
131112
131540
131568
132132
132249
132476
132919
132920
132925
132932
133189
133453
133534
133539
133926
134534
134536
134537
134605
134676
134821
134849
134962
134964
134984
135079
135080
135082
135083
135487
135577
135719
135735
135739
135945
135946
135951
136093
136241
136267
136468
136609
136857
137357
137461
137584
137591
137658
137662
137730
137732
137733
138072
138118
138300
138336
138595
138853
139021
139208
139438
139808
140058
140100
140314
140626
141389
141390
141693
142596
142649
142842
142864
143224
143361
143393
143495
144185
145263
145285
145287
146817
146919
146938
146939
147047
147206
147207
147268
147451
147577
147645
147709
147802
148447
148604
148813
148814
149015
149017
149715
150025
150026
150055
150060
150119
150120
150122
150123
150172
150240
150336
150829
151276
151755
151781
151894
151895
152260
152297
152331
152335
152480
153151
153233
153491
153493
153494
153721
153948
154046
154108
154288
154347
155077
155617
155680
155863
155866
155892
155978
156456
156892
156974
156977
156978
156980
156981
156994
157225
157228
157268
157463
157673
157687
157688
157691
157692
157733
157782
157838
157842
158080
158327
158500
158787
158836
158847
158849
158898
158899
159291
159346
159449
159723
159896
160386
160453
160660
160699
160791
160799
160808
160825
161156
161355
161360
161398
161493
161879
161889
161895
161896
161902
161920
162209
162393
162426
163003
163011
163164
163202
163359
163361
163603
163605
163665
163874
163875
163877
163879
164393
164451
164514
164546
165096
165179
165807
165813
165814
166485
166486
166501
166935
166939
167481
167642
167643
167644
167964
168275
168379
168384
168471
168480
168695
168697
169050
169061
169176
169177
169292
169432
169433
169435
169438
169679
169875
170367
170661
170673
170679
170861
171121
171164
171194
171288
171291
171398
171399
171400
171401
171402
171403
171404
171405
171437
171523
171632
171674
171685
171686
171690
171692
171695
171869
172042
172045
172049
173053
173361
173362
173363
173364
173480
173559
173737
173770
173959
173990
174035
174036
174038
174587
174709
174922
174923
175628
175696
176290
176291
176292
176294
176598
177400
177758
177972
178214
178356
178399
178606
178774
178900
178901
179402
179405
179467
179628
179636
179838
179878
179995
180163
180164
180195
180197
180281
180282
180311
180332
180441
180915
180916
181486
181487
181658
181662
181663
181675
182180
182182
182210
182262
182270
182337
182403
182455
182640
182710
182779
183417
183556
183916
184064
184072
184117
184607
184756
184870
184914
184917
185008
185243
185293
185294
185300
185761
185950
185951
186116
186189
186192
186490
186651
186931
187101
187137
187145
187303
187304
187326
187327
187400
187452
187491
187493
187868
188872
188906
188913
188932
189381
189425
189426
189691
189722
189723
189749
190146
190195
190198
190200
190721
190893
190898
191026
191295
191298
191493
191495
191577
191579
191610
191770
191960
192389
192421
192843
192903
192994
193461
194326
194379
194424
194432
194436
194437
194702
194866
194867
194869
195041
195064
195088
195097
195248
195250
195253
195498
195748
195907
196015
196024
196162
196386
196588
197162
197345
197575
197614
198022
198092
198252
198312
198616
198706
198832
199441
199592
199596
200415
200475
200616
200617
200904
200905
202258
202259
202260
202261
202262
202267
202269
202604
202611
202747
202750
202772
202789
202950
202952
202954
202955
202956
203471
203699
203907
204038
204463
204470
204516
204525
204528
204773
204798
204799
204934
205327
205941
206041
206042
206043
206403
206505
206506
207340
208085
208216
208226
208439
208441
208443
208479
208480
208596
208962
209249
209274
209446
209458
209459
209462
209463
209649
209897
209931
210512
210889
210995
210996
210998
211008
211010
211114
211502
211589
212663
213248
213588
213680
213874
214851
214852
214853
214856
214858
214905
215221
215578
215591
215690
215691
215803
215813
216427
216463
216465
216778
216816
216874
216903
216931
216932
216933
216934
216935
216936
216937
216940
216941
216942
216943
216944
216945
216946
216947
217031
217067
217070
217090
217159
217162
217168
217204
217215
217219
218140
218144
218205
218206
218208
218284
218538
218670
218673
219182
219301
219314
219571
219742
219748
220343
220378
220684
220685
220686
220687
220688
220697
220714
221027
221066
221126
221287
221711
221822
223392
223958
223967
224719
225004
225051
225144
225194
225195
225196
225324
225326
225327
225453
225762
225844
225985
225988
225991
225992
225999
226504
226505
226665
227084
227319
227865
227866
227942
227943
227944
227945
228006
228229
228419
228576
228599
228603
228604
228745
228955
228958
228959
229204
229205
229480
229545
229549
230143
230470
230495
231049
231053
231438
231439
231440
231447
231455
232216
232259
232270
232721
233055
233101
233181
234827
234828
234835
234908
235931
236511
236753
236814
237019
237258
237446
237576
237610
238012
238013
238015
238540
238834
238991
239498
239935
239974
239984
240237
240412
240427
240495
240521
241145
241244
241425
241555
242703
242750
243629
243701
243924
244366
244407
244573
244596
244787
245188
245837
246167
246272
246432
246603
246613
246618
246786
246787
247157
247333
247632
247634
247637
247639
247643
247644
247645
248026
248316
248552
249058
249188
249351
249352
249402
249403
249408
251535
251542
252130
252302
252307
252966
252970
253107
253239
253245
253256
254161
254408
254784
254785
255205
255507
255723
256035
256323
256324
256325
256466
256618
256701
256702
256847
257003
257274
257440
257708
257758
257984
258018
258224
258591
258723
259059
259354
259537
260332
260337
260354
260355
260554
261269
261292
261299
261302
261685
261934
261964
261965
262006
262209
262323
262324
262325
262806
263437
263475
263476
263849
263908
263909
263910
264027
264148
264251
264463
264636
264641
264691
264697
265291
265429
265606
265960
265981
266009
266062
266122
266123
266125
266127
266128
266748
266749
266762
266779
266805
267128
267212
267363
267364
267633
267745
267746
267818
268407
268410
268429
268735
269069
269144
269259
269261
269322
269670
269673
269774
270345
270350
270351
270368
270495
270496
270498
270636
270689
270914
270918
270921
271065
271091
271097
271098
271155
271157
271160
271420
271431
271432
271433
271434
272129
272131
272164
272210
272239
272240
272241
272918
272919
273164
273168
273376
273528
273676
273677
273678
274537
274539
274592
278209
278990
278991
279277
279356
279359
279360
279369
279446
279572
279832
280093
280237
280239
280473
281120
281362
281473
281714
281738
281920
282125
282402
282685
283734
283737
283786
283878
284016
284041
284042
284044
284579
284581
285091
285106
285109
285110
285268
285279
285486
285528
285535
285541
285558
286420
286438
286727
286730
286802
286804
287098
287478
287487
287535
287844
287930
287986
287990
288000
288022
288426
288768
288769
288965
288992
288995
290052
290053
290055
290109
290110
290111
290112
290306
290309
290335
290399
290400
290588
290589
290732
291112
291644
291645
291990
292222
292566
292800
293050
293075
293089
293091
293256
293371
293552
293647
293762
293890
294671
294699
294710
294935
294936
295428
296199
296218
296591
297244
297536
298163
298653
298654
298794
299567
299641
300028
300193
300231
301092
301301
301302
301375
301541
301585
302044
302449
303240
303241
304207
304268
304895
304899
304901
305719
305793
305900
306540
306541
306546
307121
307124
307126
307480
307483
307486
307521
307643
308111
308892
308994
309120
309411
309797
309805
309806
309868
309886
309887
309888
310297
310298
310300
310400
310514
310575
310767
310783
311230
311231
311235
311333
311334
311460
312026
312277
312279
313007
313368
313439
313588
313598
313612
313985
314235
314254
314263
314275
314282
314319
314722
315358
315405
315478
316068
316277
316278
316279
316335
318456
318683
319053
319054
319236
319238
319475
319644
319652
319653
320324
320497
320778
320787
320799
321318
321327
321332
322095
322505
322508
322509
323284
323450
324057
324079
324767
324768
325474
326069
326522
326523
326544
326994
327095
327160
327277
327691
327840
327845
327848
327854
327855
327856
327939
328049
328313
328515
328812
328813
328814
329854
329858
330214
330920
330922
330943
331648
331679
331992
332056
332095
332158
332163
332168
332249
332410
332411
332591
332653
332999
333297
333367
333702
333962
334424
334542
334543
334715
334735
334736
334771
335020
335286
335837
335974
336203
336261
336804
336988
336989
337090
337191
337315
337701
338188
339862
339866
340021
340095
340146
340345
340467
340680
340956
341220
341225
341470
341694
341722
342230
342944
342949
343332
343405
343517
344881
344882
344884
345309
345907
346045
346181
346182
346377
346665
346912
347481
348151
348442
348582
349096
349106
349221
349750
349751
349931
350893
350894
351052
351091
351187
351604
352475
354237
354240
354246
354351
354355
354356
354630
355548
356145
356147
356302
356559
356662
356828
356829
356851
357276
357278
357794
357808
358220
358742
358743
358766
359131
359303
359359
359365
359408
359917
360055
360056
360185
360807
360911
361041
361277
361575
361872
362413
362418
362523
362648
362787
363265
363277
363832
363872
363953
364030
364032
364039
364317
364410
364763
364764
365033
365341
365343
365349
365489
366522
366533
366534
366602
366616
367279
367280
367282
367299
367336
367488
367742
367743
367791
367806
368811
368830
368831
368835
368977
369333
369791
369829
370405
370622
370736
370764
370776
370974
370977
370978
370979
371036
371601
372463
372655
372787
373054
373668
373672
373994
374981
374982
375061
375175
375286
375674
375746
375748
375749
375750
375761
375929
376219
376351
376489
376490
376620
376733
376804
376805
376806
376807
376815
377615
378548
379064
379069
379071
379073
379075
379347
379597
379900
380084
380393
380628
380629
381432
381706
381741
381742
382504
383631
384613
384638
384677
385025
385406
385492
385682
385957
386056
386414
386487
386490
386608
386879
387090
387092
387093
387340
387635
387638
387659
387660
387661
388950
389480
390841
390842
390877
390884
390989
391615
392009
392014
392015
392016
392018
392333
392409
392412
392413
392416
392566
392589
392593
392734
392736
392838
392842
392968
393921
394340
394353
394734
395387
395922
395923
395933
395961
395962
396005
396268
396317
396323
396595
396716
396808
396812
397278
397865
398037
398555
398743
399363
399370
399579
399726
399736
400061
400092
400390
400668
400772
401470
401471
401562
401619
401654
402147
402648
402650
402877
403935
403962
404011
404236
404386
404589
404900
405212
405444
405446
405556
405557
405559
405770
406787
407019
407156
407188
407234
407975
408066
408067
408657
409322
409978
410072
410330
410332
410772
411153
411484
411489
411570
412019
412438
412593
412861
413479
413497
413501
413882
413889
413964
414682
414778
414992
414996
415010
415229
415425
415956
416001
416016
416273
416586
417218
417220
417221
417222
417223
417373
417621
417948
418184
418646
418701
418702
418756
418853
418856
419005
419015
419474
419475
419479
420402
420412
420888
420950
420952
421000
421058
421072
421525
421628
421767
421768
423351
423541
423605
424182
424704
424757
425254
425341
425350
425352
425358
425359
425361
425941
426114
426117
426226
426371
426421
426599
426701
426702
426703
426716
427331
427683
427754
427918
427920
427923
428712
429344
430522
430679
431058
431269
431273
431306
431489
431553
431554
432303
432329
433660
434086
435289
435842
435906
436114
436515
437503
437505
437507
437897
437898
438741
438744
438751
439219
439493
439703
440482
440514
441209
441500
441501
442388
442714
442733
442734
442870
442884
442899
442954
443143
443144
444162
444515
444608
444923
445709
445943
445958
445961
446369
446370
446660
446681
446683
446684
446784
446786
446787
447106
447217
447471
447567
448181
449215
449306
449307
449659
449662
449663
450367
450798
450800
450801
450804
451374
451457
451637
451764
452084
452286
452529
452623
452982
453213
453215
453230
453582
453816
453817
453831
453852
453962
453963
454154
454155
454171
454600
454601
454602
455342
455343
455344
455353
455360
455436
456327
456493
456827
457173
457387
457392
457394
457395
457396
457402
457412
457415
457416
457421
457422
457502
457934
458033
458711
459515
460086
460870
461393
461876
462710
464131
464132
464135
464145
464147
464173
464202
464995
465561
465721
465820
466044
466084
466153
467094
467210
467976
467997
468056
468058
468911
469585
469586
469588
469590
469591
469592
469596
469610
469613
469614
470028
470453
470565
470756
470774
470775
470782
470784
470788
470796
470799
470801
470807
470823
470826
470827
470831
470832
470842
470851
470860
470861
470862
470863
470864
470866
470933
471189
471499
471511
471827
472056
472113
472181
472705
472963
473198
473258
473531
474957
475088
475253
475254
475255
475299
475717
475795
475979
476157
476820
476821
477641
477666
477675
477680
477976
478106
478107
478110
478111
478114
478115
478738
479106
479117
480224
480391
480930
480931
480997
481366
481446
481520
481719
481720
481722
481723
481743
482564
483011
483012
483013
484184
484498
484882
485447
485448
486407
486505
487173
487174
487175
487316
487317
487698
487732
488447
489722
489758
490185
490186
490188
490189
490571
490759
490979
491918
491921
492670
492736
493381
494023
494026
496053
496058
496866
497724
497965
498055
498718
498846
499059
499229
499533
499547
499548
500153
501482
501483
501496
501497
501571
501592
502394
502558
503170
504469
504487
504796
504900
504937
505248
505250
505341
507750
508451
508460
508464
508770
510946
510947
510955
511062
511435
511746
512649
512762
513050
515326
515414
515814
515897
516074
516075
517011
518643
519050
519081
519424
519440
519472
519977
520080
520083
520085
520835
520836
521157
521462
521463
521466
521467
521469
521472
521546
522298
522485
524262
524280
524284
524286
524288
524289
525640
525917
526067
528209
528244
529005
529703
529704
529705
531813
531844
533267
533323
534635
535744
536018
536633
536979
536980
538021
538189
539813
540746
540747
540988
543877
543886
543890
543913
544580
544581
544644
544645
544718
545121
545261
545533
545890
546160
546364
546871
546874
547058
547059
547060
547146
547163
547188
549295
550982
550983
551276
551459
551546
551679
551760
551990
552357
552395
552396
552398
552810
553088
553447
553611
554283
555059
555313
556261
556262
556287
556499
556529
557332
557555
559956
561365
563177
563193
564064
564288
564835
566001
566005
566011
566023
566024
566027
568898
569599
569601
569860
570161
570519
570835
570947
570951
571255
571256
571800
572010
572016
572036
573062
573501
573569
573737
574375
574560
574650
574699
574930
574963
574964
575194
575200
576610
576611
577386
579160
580165
582475
582680
582850
582851
582857
583357
584994
586239
586416
587753
588672
588901
588902
588904
588932
589330
589382
589388
589391
589392
589396
589436
589437
589537
590841
590843
590845
590846
590848
591197
591962
592978
593401
593909
595671
595693
596085
598660
600645
604330
604332
610243
610244
610245
610332
614212
614671
616990
616997
619304
622695
623280
624186
626929
626930
626931
626932
626933
626934
626935
626937
626938
626940
626947
627192
629680
630515
630977
630995
633415
633417
633701
633813
634127
634765
634771
637886
637971
638617
638619
638849
639216
639218
639224
639313
640331
640510
642496
643674
644220
644221
644281
644318
645466
646532
647384
648689
648794
649333
649724
649746
649756
649841
650643
651143
651457
652706
652716
653930
656024
656366
656519
657017
657018
657445
658062
658081
658082
658083
658085
658086
658087
658088
658089
658457
658655
658657
658659
659018
659243
660064
660515
660537
664662
664784
665081
665083
665118
665130
665131
665913
665914
665943
665950
665951
665956
666685
666686
667303
669359
669462
669502
670289
670291
670292
670293
670956
671070
671218
671224
671229
671266
671267
672157
673520
673548
673860
673862
674529
676200
676599
679249
680118
680197
680283
682179
683041
683124
685706
687525
687842
688867
691816
692370
692418
693075
694315
696763
699431
701175
701529
702113
702114
702383
702568
705309
706566
706570
709881
709987
712469
713588
713887
714067
714109
714549
716816
717609
717785
718002
721033
722472
732236
732242
741091
742013
742723
743722
744985
745310
745311
745368
747481
748247
748280
748811
749535
751585
754436
754476
754477
755171
755172
755731
762209
762210
762211
762212
765414
767519
767892
768536
768539
792637
792640
792647
794834
795097
795098
796924
796942
797291
797292
838005
857252
858434
858439
858441
858443
859653
860790
861208
861266
862114
862720
863372
863575
863643
866801
867080
867682
868131
869719
869888
870903
870908
871324
871325
871327
872327
872396
874156
874454
875171
877455
879567
882104
882126
882128
882137
882140
882141
882157
882162
882164
882167
882168
882170
882211
884684
885581
887061
887341
887349
887357
887358
887359
887412
887413
887415
887418
888845
889268
907224
907777
908612
908941
911045
911092
911205
927083
927669
927677
929191
929193
929426
930124
930805
931533
931534
931537
933059
933063
933068
933080
933942
933943
933945
933946
936375
936456
936476
936548
936594
937251
937254
937334
938155
938405
940614
940615
941182
943673
943936
944547
944671
945692
945844
945970
946336
946435
946677
947013
948676
948756
980254
980294
980427
983544
983548
983706
984307
985002
985054
985664
987056
989403
990268
991904
993692
994602
994608
994609
994619
994621
994622
994632
994646
994650
994692
994695
994696
996801
999183
999468
1002672
1003090
1003110
1004156
1005741
1007105
1027273
1027568
1027633
1032476
1033846
1033854
1034636
1034798
1035043
1038856
1038904
1041504
1042156
1048424
1048758
1050174
1051899
1053469
1054217
1054996
1055101
1055487
1056807
1069073
1069813
1069985
1070421
1070699
1070860
1070861
1070863
1070864
1070869
1070870
1071390
1071849
1071850
1071852
1071860
1071862
1071875
1071880
1071947
1072256
1072643
1073325
1073327
1073423
1074467
1076592
1076594
1076596
1076620
1077255
1077256
1077464
1078090
1078392
1078480
1078663
1079800
1079994
1080712
1086013
1086703
1087332
1089305
1090615
1095026
1095771
1095914
1097668
1099853
1105106
1109412
1110546
1111069
1111120
1111121
1111134
1111135
1111961
1111962
1111983
1113583
1113584
1113588
1113589
1113593
1113599
1113600
1113602
1113604
1113605
1113606
1113609
1113613
1113614
1113616
1113617
1113618
1113622
1113625
1113631
1113632
1113643
1113644
1113645
1113648
1113649
1113650
1113651
1113652
1113655
1113656
1113658
1113661
1113669
1113670
1113673
1113682
1113696
1113703
1113707
1113709
1113722
1113723
1113724
1113725
1113727
1113728
1113737
1113738
1113741
1113743
1113744
1113746
1113748
1113750
1113751
1113752
1113754
1113756
1113757
1113759
1113768
1113769
1113770
1113771
1113772
1113775
1113781
1113785
1113786
1113802
1113803
1113805
1113814
1113815
1113821
1113822
1113824
1113834
1113835
1113837
1113842
1113891
1113893
1113894
1113895
1113897
1113908
1113909
1113920
1113922
1113929
1113946
1113973
1113977
1113978
1113980
1113981
1113986
1113997
1113998
1114002
1114008
1114014
1114018
1114022
1114027
1114031
1114033
1114035
1114039
1114040
1114042
1114049
1114067
1114077
1114092
1114099
1114113
1114117
1114172
1114173
1114874
1114980
1114982
1118060
1118061
1118202
1120568
1120994
1121000
1121252
1121298
1121830
1121832
1121961
1122204
1122943
1123045
1123067
1123914
1123950
1123979
1124188
1124597
1124835
1126833
1128023
1128179
1128614
1128621
1128623
1131462
1131703
1131707
1133319
1133364
1134405
1134563
1134687
1136497
1137799
1137985
1137993
1138822
1141353
1141657
1143711
1144661
1144662
1144665
1144673
1144748
1146890
1147129
1148157
1155527
1155537
1155689
1155944
1156433
1158338
1159213
1161942
1162717
1164945
1165507
1166683
1167604
1168034
1168035
1169913
1173021
1173023
1173024
1173025
1173026
1173027
1173028
1173032
1173101
1173111
1173263
1173264
1174528
1175444
1175445
1175452
1176649
1177712
1177728
1177732
1177755
1184387
1186051
1190813
1194090
1195760
1198245
1198324
1199245
1200300
1202724
1203033
1203410
1203471
1203555
1203556
1203568
1203571
1204196
1204200
1204201
1204214
1204221
1204225
1206085
1211326
1211638
1211639
1211813
1211819
1214928
1215089
1215918
1217970
1220023
1220182
1220491
1220492
1220493
1220496
1221450
1223514
1225341
1226322
1226323
1226325
1229909
1231337
1232575
1232790
1235990
1236906
1236974
1248939
1249101
1249552
1263979
1264899
1265691
1265694
1265696
1265704
1265714
1265717
1265728
1265729
1265731
1265732
1273132
1273429
1273686
1277350
1287640
1288121
1288125
1288392
1288619
1288636
1291006
1291540
1293032
1293441
1295382
1295609
1296565
1297570
1297750
1302685
1302690
1302730
1303863
1304158
1307761
1316444
1316941
1322049
1324352
1324766
1324934
1326083
1329370
1329373
1329375
1329800
1329817
1329899
1332898
1333662
1333667
1335746
1335757
1336204
1339210
1341696
1344003
1346286
1350067
1355477
1365176
1379702
1381080
1382803
1385386
1385387
1385388
1385389
1386898
1386904
1386909
1387982
1387985
1389639
1391653
1391654
1391911
1393035
1395978
1396505
1397108
1397142
1397367
1397368
1399115
1402135
1402860
1403274
1403547
1404244
1406512
1408545
1410330
1411118
1411119
1411120
1411121
1411122
1411123
1411133
1411150
1411316
1415541
1415542
1416614
1416778
1416779
1419482
1423959
1427356
1427754
1429083
1434701
1435347
1435348
1436010
1436290
1436965
1437339
1437523
1442385
1449080
1450648
1452450
1452487
1453492
1453594
1456591
1458307
1460636
1460638
1460640
1462575
1463821
1463824
1463827
1463832
1463833
1463836
1463837
1463840
1463854
1463855
1463858
1463861
1463864
1463867
1463870
1463886
1463889
1463899
1463908
1463910
1463915
1463921
1463922
1463934
1465514
1465521
1465754
1472345
1476870
1476871
1477506
1481928
1483557
1484053
1484693
1485585
1485587
1485588
1486859
1487956
1488214
1488215
1490051
1494461
1494462
1495039
1495568
1496996
1503961
1505723
1505726
1505727
1515439
1516126
1519494
1520277
1520671
1521434
1521435
1521930
1524254
1535197
1535242
1536641
1540221
1545044
1549858
1550609
1553906
1555194
1562603
1565040
1566358
1566822
1571207
1571210
1578165
1579979
1586267
1590651
1603886
1605449
1608627
1608994
1608996
1609106
1609137
1611423
1616802
1634035
1637102
1638980
1638982
1638984
1638985
1638987
1638988
1638989
1644106
1644115
1644118
1644123
1644128
1644133
1646377
1648232
1651218
1652017
1652018
1653207
1653831
1658664
1660190
1661032
1661049
1661050
1661055
1661059
1665536
1671366
1671680
1676991
1678308
1678309
1678310
1685010
1688487
1689449
1689834
1691891
1707394
1707527
1708783
1715347
1721091
1729695
1730245
1730526
1735103
1736139
1737443
1737446
1746605
1746608
1746623
1746631
1746632
1746640
1746641
1746642
1746647
1746649
1746650
1746652
1746653
1746655
1746656
1746657
1746664
1746671
1746673
1746683
1746950
1747005
1747013
1750644
1750713
1755603
1755604
1755607
1755610
1755621
1755626
1755629
1755639
1755642
1765961
1765963
1765967
1766719
1766802
1768011
1768242
1769250
1775535
1775536
1775539
1775542
1776082
1793963
1796622
1798224
1803179
1804630
1806484
1811976
1815578
1817596
1820336
1827099
1827100
1827101
1842136
1844653
1844654
1844655
1849103
1850094
1859290
1859291
1859292
1859295
1869182
1870819
1870820
1871063
1872678
1873459
